v1<-c(1,2,3,4,5,6)
v2<- c(7,8,9,0,11,12)
a<- array(c(v1,v2) , dim = c(3,3,2))
a
n<- a[2,,2]
n
n1<- a[3,,1]
n2<- a[,3,1]
n1
n2