v1<- c(1:4)
v2<- c(5:10)
a<- array(c(v1,v2), dim = c(3,3,2))
a